127307.0
127301.6640625
127225.0
127268.6640625
127073.3359375
126997.6640625
127008.6640625
127072.3359375
127115.6640625
127032.0
126812.6640625
126968.0
126890.6640625
126863.6640625
126573.3359375
126623.6640625
126588.0
126473.6640625
126517.6640625
126505.3359375
126528.6640625
126648.3359375
126579.6640625
126468.3359375
126523.6640625
126394.6640625
126241.3359375
126299.0
126329.0
126332.0
126380.6640625
126529.6640625
126361.3359375
126400.6640625
126393.3359375
126529.3359375
126513.3359375
126490.6640625
126769.6640625
139054.328125
458098.65625
177507.0
406753.65625
443851.65625
651721.0
838434.3125
950465.0
1119925.375
1240536.375
1320508.0
1412657.625
1485856.0
1540211.625
1579223.0
1609871.375
1638962.0
1634174.375
1647383.0
1657447.625
1668141.0
1685865.625
1674262.0
1659786.625
1672219.375
1680429.0
1667685.0
1664631.0
1675890.375
1676197.625
1666507.375
1667349.375
1675593.0
1672507.375
1665908.0
1670666.0
1676340.0
1670723.375
1667106.375
1672749.375
1674044.0
1668690.375
1668863.375
1673624.375
1673270.625
1669465.0
1670597.0
1673595.375
1672175.0
1669412.625
1671152.375
1671322.625
1671335.625
1672630.375
1671872.0
1670929.375
1671425.375
1671781.0
1671214.0
1671295.0
1671960.625
1671733.625
1671294.375
1671900.375
1671993.0
1671036.375
1671023.375
1671963.625
1671840.625
1671318.375
1671636.375
1672204.0
1671761.375
1669124.375
1658672.625
1634407.625
1587077.625
1398456.375
967287.0
420645.34375
113620.6640625
129290.3359375
125057.6640625
127710.6640625
126360.3359375
126948.6640625
126918.3359375
126805.3359375
127065.0
126761.3359375
126974.6640625
126674.3359375
126965.3359375
126690.6640625
126923.0
126775.6640625
126942.3359375
126740.3359375
126872.6640625
126716.0
126896.6640625
126685.0
126842.6640625
126942.6640625
126921.0
126792.0
126760.0
126850.6640625
126797.0
126845.0
126926.3359375
126892.0
126969.3359375
126914.3359375
126765.0
126824.0
126770.3359375
126821.6640625
126825.0
127008.6640625
126987.3359375
127021.6640625
127018.0
127074.0
127050.3359375
127089.6640625
127156.6640625
127142.0
127078.0
127234.0
127111.3359375
127084.0
127066.6640625
127108.3359375
127093.6640625
127113.6640625
127181.0
127149.6640625
127231.6640625
127144.6640625
127309.3359375
127444.6640625
127391.3359375
127434.3359375
127285.0
127377.3359375
127178.3359375
127234.6640625
127125.6640625
