122592.6640625
122792.3359375
122580.0
123009.3359375
122924.3359375
123076.0
123246.3359375
123242.0
123312.3359375
123286.0
123303.0
123319.0
123581.6640625
123522.0
123459.3359375
123456.6640625
123382.6640625
123442.6640625
123644.3359375
123677.3359375
123809.0
123859.6640625
123824.3359375
124031.3359375
124018.6640625
124058.6640625
123973.3359375
123896.3359375
123935.3359375
123853.6640625
123912.6640625
123814.3359375
123929.0
123893.3359375
123883.6640625
123788.0
123759.0
123750.3359375
123746.6640625
123670.0
123699.3359375
123862.6640625
123729.3359375
123799.0
123929.6640625
123800.3359375
123842.0
123847.3359375
147483.328125
226165.328125
200841.671875
203134.671875
198180.0
220487.328125
291083.65625
299850.34375
363398.0
465757.0
537396.3125
715874.3125
789279.0
844947.6875
841283.0
854257.3125
852846.3125
844432.0
848744.0
853247.3125
848084.3125
846893.3125
851092.0
850424.6875
847336.3125
848635.6875
850395.3125
848891.6875
848306.0
849845.6875
850012.0
848667.0
849238.3125
850119.0
849289.0
848959.3125
849678.0
849736.3125
849231.3125
849096.6875
849280.3125
848999.0
848647.3125
848875.3125
848790.3125
848675.6875
848404.3125
848491.3125
848672.3125
848792.3125
849127.3125
849704.0
849708.0
849936.0
850106.3125
849383.6875
848399.6875
848142.0
848274.3125
848768.3125
848953.0
849248.0
849233.6875
849470.6875
849539.3125
849536.3125
849661.3125
849653.3125
849579.0
849505.6875
849488.3125
849707.6875
849657.3125
849796.0
849810.6875
849646.0
849620.0
849670.0
849748.0
849513.0
849689.6875
858934.0
852094.3125
854805.6875
863022.0
864869.6875
865351.3125
874668.3125
876453.3125
870186.0
864674.6875
861278.6875
859954.0
860108.0
865015.0
871225.3125
874916.0
871944.6875
719595.3125
387963.0
139582.328125
121446.6640625
123652.3359375
122389.0
123605.0
122997.3359375
123528.6640625
123162.3359375
123138.6640625
122888.0
122928.0
122720.6640625
122477.6640625
122338.0
122361.6640625
122409.0
122270.0
122445.6640625
122346.0
122450.0
122326.3359375
122053.6640625
121920.6640625
121972.6640625
121641.0
121590.6640625
121239.6640625
121063.0
121014.3359375
121143.6640625
121284.3359375
121277.0
121559.0
121672.0
121790.3359375
121818.0
121685.3359375
121526.6640625
121577.3359375
121463.0
121466.3359375
121292.0
121164.3359375
121219.0
121220.3359375
121344.6640625
121480.3359375
121818.6640625
122061.3359375
122493.3359375
122526.3359375
122831.6640625
122848.6640625
122956.3359375
122896.6640625
122842.6640625
122739.0
122805.3359375
122570.0
122736.3359375
122551.3359375
122443.0
122344.6640625
122122.0
122078.6640625
122231.6640625
122217.0
122400.6640625
122405.0
122558.6640625
122733.6640625
122698.0
122722.6640625
122913.3359375
123153.6640625
123251.6640625
123312.3359375
123379.6640625
123387.6640625
123509.6640625
123546.6640625
123632.0
123497.6640625
123548.6640625
123661.3359375
123860.0
123910.6640625
124047.6640625
124039.3359375
124056.0
123797.6640625
123835.6640625
123856.3359375
123759.0
123781.3359375
123735.3359375
123796.6640625
123727.0
123638.6640625
123555.0
123524.6640625
123314.6640625
