112394.3359375
112431.3359375
111842.6640625
112148.3359375
112058.6640625
112222.3359375
112061.6640625
111918.6640625
112265.0
112474.0
112561.0
112353.3359375
111913.6640625
111892.3359375
111982.3359375
111926.3359375
112171.6640625
111881.0
111690.3359375
112201.3359375
110634.0
112089.3359375
111985.0
111402.0
111574.6640625
111582.3359375
111525.3359375
111659.6640625
111022.3359375
111158.0
110930.0
110924.3359375
111307.0
110751.3359375
110956.6640625
110504.6640625
110543.6640625
110428.0
110299.3359375
110197.3359375
110639.0
110151.6640625
109992.3359375
109624.0
109560.3359375
109856.6640625
109725.0
109630.0
109504.0
109226.6640625
109014.0
203470.328125
474814.34375
198933.671875
156879.671875
421631.0
683099.6875
832733.6875
1144918.625
1231129.625
1357359.375
1394476.375
1464422.625
1496360.375
1533198.0
1581237.375
1601031.375
1611424.0
1609623.625
1597007.0
1598431.625
1607646.625
1603149.0
1598741.375
1606754.0
1610991.0
1602222.625
1600550.0
1606976.375
1603736.375
1599304.375
1607107.0
1610768.625
1602413.625
1601925.0
1609841.625
1604934.0
1596547.375
1603334.0
1611574.375
1605090.375
1600447.0
1606769.625
1609215.375
1601334.0
1599094.375
1605178.375
1606654.0
1603078.0
1603727.625
1606661.375
1604842.0
1601732.375
1601651.375
1603271.0
1604158.375
1604670.0
1603539.375
1603530.375
1604164.625
1601854.625
1602249.375
1603940.625
1604519.625
1602547.0
1649809.0
1599101.375
1558865.625
1509101.375
1075420.375
237053.328125
112492.0
106549.3359375
109613.3359375
111443.3359375
108676.3359375
112055.6640625
110735.6640625
110918.6640625
111632.6640625
110759.3359375
111642.6640625
111091.6640625
111000.6640625
111529.0
110894.6640625
111369.0
111328.0
111336.0
111603.3359375
111115.0
111849.3359375
111531.0
111556.3359375
112363.6640625
111268.3359375
110857.6640625
112155.0
111020.3359375
111862.3359375
111767.6640625
111656.3359375
111996.6640625
111756.0
111961.0
111980.3359375
111855.6640625
111637.3359375
112096.6640625
111786.3359375
112264.6640625
112084.0
111891.6640625
112161.0
112271.3359375
112125.6640625
112380.6640625
111958.6640625
112274.6640625
112167.6640625
112184.3359375
112378.0
111974.3359375
112114.3359375
112539.3359375
112249.3359375
112259.3359375
112371.3359375
112096.3359375
112621.0
112432.3359375
