112476.3359375
112470.3359375
111834.6640625
112219.6640625
111970.6640625
112088.0
112083.3359375
112371.3359375
112224.3359375
112053.6640625
112152.6640625
112150.3359375
112457.6640625
112048.3359375
111848.6640625
111951.0
112273.6640625
112135.0
111939.3359375
112065.3359375
112212.6640625
111813.0
112286.0
111816.6640625
112265.6640625
111864.0
111915.0
111815.3359375
111805.0
112120.0
112105.0
112024.0
112278.6640625
111760.3359375
111433.3359375
111873.6640625
111627.3359375
111365.6640625
111375.0
111279.6640625
111131.0
110882.3359375
110988.0
110979.0
110934.6640625
110701.3359375
110891.6640625
110531.3359375
110992.3359375
110475.6640625
110022.6640625
110360.3359375
108711.0
110810.3359375
110541.0
110047.0
110206.0
110178.6640625
109672.6640625
110165.3359375
110165.3359375
109907.3359375
110114.6640625
109406.3359375
109130.0
109393.0
109463.6640625
108800.0
230925.0
283731.0
335651.34375
474284.34375
708133.3125
921643.6875
1048255.6875
1132477.0
1126882.375
1116335.625
1146087.0
1185112.0
1181158.375
1166789.375
1184712.625
1172500.0
1173132.375
1184019.375
1172228.0
1176018.375
1222303.625
1182570.375
1173159.375
1179096.375
1180813.625
1173793.375
1178828.375
1177453.625
1175397.625
1180154.625
1175593.625
1177881.375
1180311.625
1175687.375
1177879.0
1178338.0
1175598.0
1179367.0
1177728.0
1177989.625
1179359.0
1177193.0
1178024.625
1179075.375
1176914.0
1178464.625
1178451.0
1177912.625
1178621.375
1177597.0
1177935.0
1178735.0
1177365.375
1177825.0
1178695.0
1177952.625
1178442.625
1178502.375
1177702.625
1178356.0
1177249.375
1177621.625
1178344.0
1177866.625
1177468.625
1177322.625
1176808.0
1177174.625
1176160.375
1176634.375
1176625.375
1176593.375
1176641.625
1176889.625
1177055.0
1177197.375
1176594.625
1176541.0
1176764.375
1176242.375
1176279.0
1177213.0
1176366.375
1176797.375
1176367.375
1176655.0
1176449.625
1176678.625
1175861.625
1176380.0
1176180.375
1176486.375
1175689.625
1176124.375
1176246.625
1176279.375
1176390.625
1211090.375
1161580.375
1094972.625
486628.34375
205038.0
111415.0
103133.0
116584.6640625
107152.3359375
111420.3359375
112539.0
109391.0
113237.6640625
110341.3359375
111682.6640625
112050.0
111117.6640625
112352.0
111398.3359375
111656.0
112033.0
111533.3359375
112065.0
111711.6640625
111536.6640625
111773.6640625
110826.0
112088.3359375
112280.3359375
110863.3359375
112770.0
111125.0
111821.3359375
111373.6640625
111450.6640625
111870.3359375
111824.3359375
111811.3359375
111703.6640625
111830.0
111789.0
112220.6640625
112170.0
112235.3359375
112157.0
112369.3359375
112214.3359375
111960.0
112184.0
111963.0
112146.3359375
112010.6640625
112044.0
112146.0
111980.6640625
112249.6640625
112428.6640625
112292.6640625
112074.6640625
111931.0
112349.0
112444.6640625
112410.3359375
112056.6640625
112313.6640625
112473.3359375
112478.6640625
112310.3359375
112217.0
112199.3359375
112323.0
112370.3359375
112055.0
112093.0
112209.6640625
