112153.6640625
112243.3359375
112373.3359375
112002.6640625
112204.6640625
112093.3359375
111823.0
112033.3359375
112268.0
111992.0
112170.0
111616.6640625
112136.3359375
112273.6640625
112112.3359375
112194.0
111826.6640625
112320.3359375
112189.3359375
112140.3359375
112126.6640625
111931.6640625
111962.6640625
112562.6640625
111747.6640625
111895.6640625
112129.0
112169.6640625
112007.3359375
111787.3359375
111631.6640625
111885.3359375
111654.6640625
111764.0
112012.3359375
111605.0
111910.3359375
111548.3359375
111758.3359375
111446.6640625
111375.3359375
111597.3359375
111537.0
111224.6640625
111443.3359375
111178.0
110835.6640625
110973.0
110917.0
110962.0
110745.0
110747.3359375
110197.6640625
110683.6640625
110690.6640625
110917.3359375
110334.3359375
110643.3359375
110550.3359375
110331.3359375
110169.3359375
110649.6640625
110186.0
110502.3359375
110086.0
110624.0
110104.6640625
118936.3359375
356909.34375
126943.0
106904.0
231468.328125
380003.0
404598.65625
609339.3125
793190.0
910551.6875
920086.6875
923145.6875
950532.0
955888.0
956641.3125
953649.3125
970408.3125
952238.6875
950677.6875
963057.3125
961603.6875
959148.6875
952964.3125
959110.0
966193.0
954645.0
954247.3125
959790.0
962993.6875
959769.3125
952865.0
960568.6875
962641.6875
957852.6875
954620.6875
958693.0
963179.3125
958794.3125
955157.0
960090.0
962096.0
958299.3125
954965.0
958068.0
962622.3125
958466.3125
956009.6875
959271.3125
961595.0
958635.0
954876.6875
958197.3125
961522.0
958601.0
956967.0
958725.0
961249.6875
958556.6875
955545.0
958064.0
960139.3125
959226.0
956816.6875
958414.6875
960672.3125
958023.6875
956089.3125
957638.0
959944.6875
967158.0
975339.3125
959019.0
961855.0
960365.3125
951506.0
962581.0
955400.3125
958863.0
957982.0
365787.65625
116390.0
108074.0
108631.6640625
114359.0
108284.3359375
112782.3359375
110994.0
110729.6640625
112674.6640625
110500.6640625
112332.6640625
111320.0
111760.0
111977.3359375
111245.3359375
111456.0
110977.0
111360.3359375
111780.0
111145.6640625
111731.0
111699.6640625
111498.6640625
111057.6640625
112116.6640625
111793.3359375
111049.6640625
112558.0
111033.6640625
111517.3359375
111749.3359375
111332.3359375
111362.6640625
111374.3359375
111726.3359375
111347.0
111519.6640625
111228.6640625
111786.3359375
111798.0
111686.6640625
111783.6640625
111601.3359375
111728.0
111933.6640625
111445.6640625
111843.0
111657.0
111535.3359375
111743.0
111384.0
111923.0
111965.0
111622.6640625
111811.3359375
111671.0
111767.6640625
111442.3359375
111487.0
111576.0
111568.3359375
111161.3359375
111613.0
111381.3359375
111159.6640625
111173.0
110279.0
110284.0
110360.0
110106.6640625
110008.6640625
110372.0
110305.6640625
110125.3359375
110141.3359375
109911.0
110006.3359375
110009.0
109979.0
109647.6640625
109387.0
428940.0
300556.0
337473.34375
392952.0
539552.6875
723195.6875
886193.0
932618.3125
931712.6875
959644.3125
962422.6875
949158.3125
957945.6875
953117.3125
964293.3125
951966.3125
954772.3125
961042.3125
956613.0
957345.3125
952635.0
959714.3125
