112404.6640625
112471.3359375
112908.3359375
112176.6640625
112397.3359375
112220.3359375
112337.0
112570.0
112062.3359375
112525.0
112213.3359375
111888.6640625
112418.3359375
112118.6640625
112190.6640625
111829.3359375
111809.6640625
111574.3359375
111447.6640625
111493.3359375
111908.6640625
111507.6640625
111404.0
111253.3359375
111209.0
111160.6640625
111381.0
110791.6640625
111234.6640625
111045.6640625
111261.3359375
110999.3359375
111569.3359375
111262.3359375
111532.6640625
111539.6640625
111408.6640625
111147.3359375
110918.0
111222.6640625
111497.3359375
111359.6640625
111321.0
110964.0
110833.3359375
111286.0
111038.6640625
111304.3359375
110584.0
111009.0
111081.3359375
111317.6640625
111248.3359375
110946.6640625
110663.3359375
111161.0
110724.3359375
110744.3359375
110520.0
110281.3359375
110401.3359375
110298.0
110594.6640625
110435.3359375
109764.6640625
109837.6640625
109412.6640625
109178.0
108996.3359375
108320.3359375
108756.0
108583.6640625
108558.6640625
107879.6640625
107941.6640625
107750.0
108167.3359375
272345.34375
297266.0
213897.671875
224299.671875
305256.0
401485.0
489089.65625
566447.0
706027.3125
815498.0
940855.3125
1103839.375
1237512.375
1352581.375
1469805.0
1561434.0
1650891.0
1727663.625
1769326.375
1831757.625
1880573.0
1918946.0
1949373.375
1942647.375
1944185.625
1955293.0
1947831.625
1947956.375
1947387.0
1949509.625
1944611.375
1950964.375
1951732.375
1946543.0
1950218.375
1954124.0
1950101.625
1952350.0
1953967.375
1952158.0
1950827.375
1952091.625
1955116.375
1951445.0
1952131.625
1954007.0
1952375.375
1952365.625
1954401.375
1952013.0
1951825.0
1954068.375
1953457.625
1951082.625
1953151.0
1954639.375
1951446.0
1954187.625
1953801.0
1952189.0
1954766.625
1953072.625
1952358.625
1953328.0
1953862.0
1951571.0
1953365.625
1954416.0
1952876.0
1953922.0
1953825.375
1952752.0
1953254.625
1954014.0
1952530.0
1952834.0
1953032.625
1953072.0
1952687.0
1953016.625
1952764.0
1952860.0
1952480.625
1951087.625
1950766.375
1950978.625
1949955.375
1949301.375
1949541.375
1948660.0
1949228.375
1948649.375
1947974.375
1948398.625
1949115.0
1948685.375
1947699.375
1947390.375
1947349.375
1947466.375
1927037.625
1913679.0
1923833.375
1909351.0
1887626.375
1732275.625
1655706.375
1524714.0
1256576.0
960504.0
642639.0
389013.65625
279174.34375
196680.671875
105609.3359375
126510.3359375
105749.0
107071.3359375
110434.0
107378.6640625
110066.3359375
109492.6640625
108825.0
110945.6640625
109483.6640625
110545.6640625
108943.6640625
110329.3359375
111026.3359375
110623.3359375
110492.0
110486.6640625
111021.3359375
110732.0
111181.3359375
110771.6640625
110437.0
110886.3359375
110983.0
111049.3359375
110851.0
111074.0
111204.3359375
110997.6640625
111076.6640625
111311.3359375
111415.6640625
111363.0
111366.3359375
111166.3359375
111173.6640625
111268.3359375
111169.0
111042.6640625
111225.6640625
111124.0
111259.0
110686.3359375
110897.3359375
111010.3359375
110808.6640625
111021.3359375
111107.3359375
111455.3359375
111284.0
111114.3359375
110962.0
111264.3359375
111264.6640625
111534.0
111394.6640625
111477.6640625
111770.6640625
111439.3359375
