Tiempo			Con	Mine			Levadura
0.122257947922	0	-0.402479732952	0.207150689114
0.315542936325	0	0.811635670005	0.286263515108
0.508841991425	0	0.739151168336	0.158572638066
0.702137947083	0	0.114449213162	0.204374800483
0.895427942276	0	0.390081068193	0.418118225097
1.08872389793	0	0.308059132093	0.318186234368
1.28201580048	0	0.812589413448	0.442060264542
1.47531294823	0	0.33857892227	0.157878665908
1.66877794266	0	-0.0352885073915	0.236644505822
1.86186695099	0	0.221268478779	0.183555635748
2.05514883995	0	-0.0600858369099	0.295632139239
2.24843096733	0	0.0476871721507	0.223806020902
2.44172382355	0	0.103958035289	0.173840025538
2.6350479126	0	0.170720076299	0.227622867771
2.82831501961	0	-0.0743919885551	0.143999222751
3.02161502838	0	-0.247973295184	0.258851614873
3.21492600441	0	0.267048164044	0.197782064984
3.40819883347	0	-0.071530758226	0.392788241336
3.60148692131	0	0.0839294229852	0.149897986093
3.79477787018	0	-0.430138292799	0.217560271482
3.98806786537	0	0.0925131139723	0.183208649669
4.18135595322	0	-0.0858369098712	0.299102000028
4.3746509552	0	-0.232713400095	0.241502310927
4.56793880463	0	0.270863137816	0.160654554539
4.76126384735	0	-0.00286123032904	0.264403392136
4.9545519352	0	0.370052455889	0.142611278436
5.14785194397	0	0.328087744397	0.303612819054
5.3411128521	0	0.274678111588	0.209579591667
5.53440380096	0	0.170720076299	0.199863981457
5.7276968956	0	0.144015259895	0.245319157795
5.92099881172	0	0.123032904149	0.172799067301
6.11428785324	0	0.0801144492132	0.253646823689
6.30757880211	0	0.0381497377206	0.244278199559
6.5008687973	0	0.177396280401	0.223112048745
6.69418501854	0	-0.0391034811636	0.106524726228
6.88745594025	0	0.263233190272	0.233174645033
7.080742836	0	0.275631855031	0.200904939694
7.27403593063	0	0.248927038627	0.220683146192
7.46732497215	0	-0.0219360991893	0.262321475662
7.66071391106	0	0.186933714831	0.239420394454
7.85391998291	0	0.264186933715	0.240114366612
8.04720783234	0	0.181211254173	0.13810045941
8.24049782753	0	0.00762994754411	0.282099682161
8.43379998207	0	0.0419647114926	0.194659190273
8.62708997726	0	0.256556986171	0.248789018585
8.82038998604	0	0.236528373867	0.257463670558
9.01369190216	0	0.385312350978	0.383419617205
9.20699286461	0	0.560801144492	0.236991491901
9.40028691292	0	0.222222222222	0.212702466377
9.59356594086	0	0.264186933715	0.324431983789
9.7868578434	0	0.336671435384	0.241155324848
9.98016190529	0	0.37672865999	0.361906480312
10.1734340191	0	0.192656175489	0.188066454774
10.3667759895	0	1.02050548402	0.305694735527
10.56011796	0	0.742012398665	0.124914988411
10.7534558773	0	0.493085360038	0.329289788894
10.9467728138	0	0.0619933237959	0.190842343405
11.1401348114	0	0.233667143538	0.226234923455
11.3334648609	0	-0.103958035289	0.230051770323
11.5268008709	0	0.194563662375	0.248789018585
11.720168829	0	0.123032904149	0.20541575872
11.9134938717	0	-0.00381497377206	0.265444350373
12.1068429947	0	0.179303767287	0.250870935058
12.3001878262	0	0.0123986647592	0.300489944343
12.4935150146	0	0.508345255126	0.262321475662
12.6868498325	0	0.324272770625	0.224846979139
12.8802039623	0	0.154506437768	0.255728740163
13.0735359192	0	0.133524082022	0.158225651987
13.2668669224	0	0.104911778732	0.233174645033
13.4602088928	0	-0.0362422508345	0.239420394454
13.6535418034	0	0.27849308536	0.255381754084
13.8468799591	0	0.178350023844	0.22137711835
14.0402319431	0	-0.172627563186	0.235950533665
14.2335598469	0	-0.22794468288	0.203680828325
14.4269058704	0	-0.409155937053	0.265444350373
14.6202600002	0	-0.256556986171	0.158572638066
14.813644886	0	-0.0944206008584	0.334147593999
15.0070078373	0	-0.312827849309	0.194659190273
15.200345993	0	-0.315689079638	0.294244194923
15.3936498165	0	-0.20886981402	0.234909575428
15.5869858265	0	0.0906056270863	0.350455939708
15.7803349495	0	-0.230805913209	0.279670779608
15.9736599922	0	-0.309012875536	0.338658413024
16.1669960022	0	0.00190748688603	0.290427348055
16.3603448868	0	-0.0123986647592	0.367805243654
16.5536730289	0	-0.308059132093	0.271343113714
16.7469799519	0	-0.0906056270863	0.225540951297
16.9403169155	0	-0.578922269909	0.205068772641
17.1336328983	0	-0.54744873629	0.26960818332
17.3271379471	0	-0.196471149261	0.34004635734
17.5203208923	0	-0.981402002861	0.261280517426
17.7136449814	0	-0.513113972341	0.370581132285
17.9069879055	0	-0.366237482117	0.285916529029
18.1003468037	0	-0.61707200763	0.326860886341
18.2936668396	0	-0.569384835479	0.267179280767
18.4870109558	0	-0.635193133047	0.393829199573
18.6803638935	0	-0.789699570815	0.299795972186
18.8736989498	0	-0.59799713877	0.303265832975
19.0670418739	0	-0.810681926562	0.314716373579
19.260393858	0	-0.90510252742	0.30465377729
19.4537229538	0	-0.909871244635	0.228316839928
19.6470618248	0	-0.681926561755	0.334494580077
19.8404009342	0	-0.815450643777	0.17314605338
20.0337398052	0	-0.681926561755	0.315063359658
20.227080822	0	-0.823080591321	0.169676192591
20.4204239845	0	-0.840247973295	0.308817610237
20.613765955	0	-0.971864568431	0.219295201877
20.8071098328	0	-0.827849308536	0.340393343419
21.0004549026	0	-0.768717215069	0.208885619509
21.1938109398	0	-0.882212684788	0.311593498869
21.3871350288	0	-0.703862660944	0.178697830643
21.580480814	0	-1.03862660944	0.281752696082
21.773832798	0	-0.977587029089	0.299795972186
21.9671599865	0	-0.931807343825	0.212355480298
22.1604998112	0	-1.02050548402	0.275159960582
22.3538589478	0	-0.625655698617	0.256422712321
22.5471718311	0	-0.896518836433	0.213396438535
22.7405359745	0	-1.02050548402	0.318533220447
22.9338719845	0	-0.801144492132	0.289733375897
23.1272089481	0	-1.01287553648	0.231786700718
23.3205478191	0	-0.721983786361	0.153714832961
23.5138950348	0	-1.27134000954	0.205762744799
23.7072358131	0	-1.06056270863	0.322350067315
23.900578022	0	-0.84501669051	0.213396438535
24.0939228535	0	-1.17119694802	0.18286166359
24.2872619629	0	-0.665712923224	0.215131368929
24.4806029797	0	-0.724845016691	0.372663048758
24.6739478111	0	-0.577968526466	0.109300614859
24.8672888279	0	-1.07200762995	0.291121320213
25.0606408119	0	-0.751549833095	0.408749600966
25.2539799213	0	-0.900333810205	0.405973712335
25.4473218918	0	-0.753457319981	0.0388624408389
25.6406619549	0	-1.23891273247	0.116934308596
25.8340189457	0	-0.739151168336	0.0971561020972
26.0273559093	0	-0.979494515975	0.307082679843
26.2207019329	0	-0.672389127325	-0.0194312204194
26.4140470028	0	-1.1597520267	0.0905633665977
26.6073918343	0	-0.983309489747	0.226234923455
26.8007318974	0	-1.17215069146	0.390706324862
26.9940989017	0	-0.64568431092	0.333106635762
27.1875698566	0	-1.37720553171	0.269955169399
27.3807709217	0	-0.952789699571	0.190148371247
27.5740950108	0	-0.85455412494	0.368499215811
27.7674319744	0	-1.13209346686	0.342128273814
27.9607799053	0	-1.0443490701	0.233174645033
28.1541268826	0	-1.0243204578	0.208191647351
28.3474550247	0	-0.897472579876	0.241849297006
28.5407969952	0	-0.710538865045	0.183555635748
28.7341558933	0	-1.21697663329	0.186331524379
28.9274759293	0	-0.948974725799	0.248789018585
29.1208159924	0	-1.19885550787	0.219989174034
29.3141579628	0	-0.818311874106	0.217213285403
29.5075039864	0	-0.968049594659	0.223459034824
29.7008419037	0	-1.03862660944	0.167594276118
29.894179821	0	-1.30090605627	0.276894890977
30.0875258446	0	-1.0577014783	0.16377742925
30.2808690071	0	-1.27038626609	0.256422712321
30.4742078781	0	-0.913686218407	0.369193187969
30.6675498486	0	-0.753457319981	0.233521631112
30.8608839512	0	-0.929899856938	0.247748060348
31.0542290211	0	-1.09775870291	0.319227192605
31.2475779057	0	-0.891750119218	0.328595816736
31.4409108162	0	-0.904148783977	0.14122333412
31.6342539787	0	-1.03004291845	0.223112048745
31.8275969028	0	-1.04911778732	0.174187011617
32.0209388733	0	-0.743919885551	0.302571860817
32.2142958641	0	-0.719122556032	0.159613596303
32.4076449871	0	-1.06151645207	0.28869241766
32.6009747982	0	-0.678111587983	0.112076503491
32.7943229675	0	-0.867906533143	0.218601229719
32.9894459248	0	-0.928946113495	0.168288248275
33.1812179089	0	-0.992846924177	0.276200918819
33.3743588924	0	-0.90510252742	0.247748060348
33.567688942	0	-1.06533142585	0.258851614873
33.7610368729	0	-0.940391034812	0.323738011631
33.9543638229	0	-0.795422031474	0.277241877056
34.1476969719	0	-0.828803051979	0.14746908354
34.3410308361	0	-1.08154506438	0.165165373565
34.5343728065	0	-0.953743443014	0.216866299324
34.7277269363	0	-0.783977110157	0.325819928104
34.9210569859	0	-0.885073915117	0.399380976835
35.114387989	0	-0.682880305198	0.240114366612
35.3077228069	0	-0.947067238913	0.310205554553
35.501060009	0	-1.22269909394	0.212702466377
35.6943938732	0	-1.12350977587	0.247748060348
35.8877329826	0	-0.947067238913	0.24393121348
36.0810649395	0	-0.687649022413	0.366417299338
36.2744159698	0	-0.904148783977	0.163083457092
36.4677448273	0	-0.995708154506	0.326513900262
36.6610898972	0	-1.13686218407	0.159960582381
36.8544249535	0	-1.23700524559	0.240461352691
37.0477588177	0	-1.00715307582	0.32720787242
37.2411079407	0	-0.976633285646	0.233174645033
37.4344568253	0	-0.80686695279	0.322003081236
37.6277928352	0	-1.01382927992	0.14746908354
37.8211359978	0	-1.10252742012	0.226234923455
38.014482975	0	-1.24082021936	0.243237241322
38.2078208923	0	-1.00524558894	0.242196283085
38.4011650085	0	-0.967095851216	0.251217921137
38.5945060253	0	-1.19980925131	0.283834612555
38.7878518105	0	-1.01382927992	0.199863981457
38.9812858105	0	-1.30281354316	0.120057183306
39.1745369434	0	-0.891750119218	0.124568002332
39.3678739071	0	-0.884120171674	0.222765062666
39.561205864	0	-1.00715307582	0.155102777277
39.7545638084	0	-0.402479732952	0.193965218115
39.9478869438	0	-1.5898903195	0.204721786562
40.1412329674	0	-0.526466380544	0.268914211162
40.3345680237	0	-0.931807343825	0.322697053394
40.5279068947	0	-0.610395803529	0.331024719288
40.7212610245	0	-0.703862660944	0.212008494219
40.9145848751	0	-0.210777300906	0.281752696082
41.107929945	0	-0.689556509299	0.0492720232064
41.3012678623	0	0.291845493562	0.24393121348
41.494601965	0	0.186933714831	0.076683923441
41.6879348755	0	1.29995231283	0.26960818332
41.881264925	0	0.401525989509	0.210967535982
42.0746138096	0	0.612303290415	0.248789018585
42.2679648399	0	0.221268478779	0.0863995336507
42.4612858295	0	1.32570338579	0.30465377729
42.6546239853	0	0.571292322365	0.1859845383
42.8479578495	0	0.618979494516	0.287304473345
43.0420138836	0	0.308059132093	0.246013129953
43.2353579998	0	0.589413447783	0.284528584713
43.4286777973	0	0.350023843586	0.419506169412
43.6220188141	0	0.783977110157	0.354619772655
43.8153569698	0	0.382451120649	0.346986078919
44.0086970329	0	-0.308059132093	0.322350067315
44.2020540237	0	0.362422508345	0.472942025566
44.3953948021	0	0.15832141154	0.301183916501
44.5887629986	0	-0.583690987124	0.363641410707
44.7821018696	0	-0.116356700048	0.227622867771
44.9754638672	0	-0.298521697663	0.242890255243
45.1688098907	0	-0.352885073915	0.233521631112
45.3621439934	0	-0.499761564139	0.285222556871
45.5554909706	0	-0.564616118264	0.266485308609
45.7488269806	0	-0.243204577969	0.422282058044
45.942180872	0	-0.429184549356	0.292509264528
46.1355259418	0	-0.49690033381	0.28244666824
46.3281879425	0	-0.66762041011	0.337964440867
46.5215449333	0	-0.334763948498	0.290080361976
46.7148909569	0	-0.535050071531	0.269955169399
46.9082210064	0	-0.399618502623	0.124914988411
47.1015768051	0	-0.474010491178	0.274812974503
47.2949268818	0	-0.871721506915	0.255381754084
47.488286972	0	-0.702908917501	0.184249607906
47.681634903	0	-0.764902241297	0.252258879374
47.8749728203	0	-0.885073915117	0.316104317895
48.0683319569	0	-0.870767763472	0.195006176352
48.2616798878	0	-0.722937529804	0.289386389818
48.4550099373	0	-0.599904625656	0.229010812086
48.6483500004	0	-0.532188841202	0.259198600952
48.8416960239	0	-0.324272770625	0.18945439909
49.0350368023	0	-0.452074391989	0.252605865453
49.2283790112	0	-0.613257033858	0.21825424364
49.4217269421	0	-0.995708154506	0.290427348055
49.6150918007	0	-0.693371483071	0.145734153146
49.8084218502	0	-1.0510252742	0.320268150842
50.0017659664	0	-1.02527420124	0.286957487266
50.1951019764	0	-1.04625655699	0.260239559189
50.3884439468	0	-0.602765855985	0.228316839928
50.5817990303	0	-0.778254649499	0.181820705353
50.7751479149	0	-0.615164520744	0.210967535982
50.9685080051	0	-0.938483547926	0.194312204194
51.1618390083	0	-0.568431092036	0.193271245958
51.3551850319	0	-0.670481640439	0.176962900248
51.548527956	0	-0.830710538865	0.296326111396
51.741932869	0	-0.7849308536	0.16030756846
51.9352300167	0	-0.864091559371	0.236297519744
52.1285719872	0	-0.839294229852	0.246360116032
52.3219258785	0	-0.979494515975	0.290774334134
52.5152688026	0	-0.94611349547	0.305347749448
52.7086448669	0	-1.17501192179	0.123180058016
52.9019668102	0	-0.855507868383	0.201251925773
53.0953128338	0	-0.918454935622	0.326860886341
53.2886629105	0	-1.12160228898	0.177656872406
53.4820168018	0	-0.93657606104	0.35947757776
53.6753578186	0	-1.06819265618	0.234562589349
53.8687138557	0	-0.811635670005	0.229704784244
54.0620658398	0	-1.05579399142	0.110688559175
54.2554328442	0	-0.917501192179	0.178350844564
54.4487609863	0	-1.07391511683	0.264403392136
54.6421098709	0	-1.08440629471	0.304306791212
54.836181879	0	-0.907010014306	0.282099682161
55.0295119286	0	-0.678111587983	0.471207095171
55.2228679657	0	-0.597043395327	0.336576496551
55.416217804	0	-0.692417739628	0.406320698414
55.6095559597	0	-0.807820696233	0.31749226221
55.8029220104	0	-0.747734859323	0.300142958265
55.9963579178	0	-0.804005722461	0.234562589349
56.1896288395	0	-0.539818788746	0.306041721606
56.3830258846	0	-0.721983786361	0.337270468709
56.5763328075	0	-0.800190748689	0.203333842246
56.7697110176	0	-0.701955174058	0.360865522075
56.9630358219	0	-0.698140200286	0.289733375897
57.1563999653	0	-1.13495469719	0.266832294688
57.349916935	0	-0.846924177396	0.230051770323
57.5430998802	0	-0.953743443014	0.442060264542
57.7364559174	0	-0.409155937053	0.355313744813
57.9298329353	0	-0.888888888889	0.324778969868
58.1224679947	0	-1.52312827849	0.315410345737
58.3158178329	0	0.701955174058	0.203680828325
58.5091538429	0	-1.58702908918	0.10270787936
58.7026720047	0	0.770624701955	-0.0194312204194
58.8958718777	0	-1.87601335241	0.0287998445502
59.0892038345	0	-0.575107296137	0.325472942026
59.2825570107	0	-1.06533142585	0.21166150814
59.4759089947	0	-0.707677634716	0.281058723924
59.6692519188	0	-0.869814020029	0.302224874738
59.8626089096	0	-1.10729613734	0.178003858485
60.055948019	0	-0.729613733906	0.279323793529
60.2492759228	0	-1.80162136385	0.0527418839956
60.4425649643	0	-1.28946113495	0.265097364294
60.6358799934	0	-1.77682403433	0.204027814404
60.8291950226	0	-1.4124940391	0.299102000028
61.0225009918	0	-1.13781592752	0.244625185638
61.2158098221	0	-1.57558416786	0.243584227401
61.4091160297	0	-1.0643776824	0.277241877056
61.6024389267	0	-1.55174058178	0.20541575872
61.795776844	0	-1.37815927515	0.0763369373621
61.9890530109	0	-1.56127801621	0.252952851532
62.182366848	0	-1.44492131617	0.268914211162
62.3756828308	0	-1.26561754888	0.263362433899
62.5689849854	0	-1.23986647592	0.256422712321
62.7622799873	0	-0.860276585598	0.146428125304
62.9555950165	0	-1.56795422031	0.324778969868
63.1489088535	0	-1.38102050548	0.122486085858
63.3422188759	0	-1.41058655222	0.273772016267
63.5355160236	0	-1.1330472103	0.168635234354
63.728853941	0	-1.35908440629	0.157531679829
63.9221429825	0	-1.26847877921	0.203680828325
64.1154389381	0	-1.69098712446	0.172799067301
64.3087618351	0	-1.52885073915	0.35288484226
64.5020740032	0	-1.25226514068	0.136712515094
64.695360899	0	-1.25417262756	0.377867839942
64.8887279034	0	-1.37529804483	0.189801385168
65.0819988251	0	-1.48020982356	0.208885619509
65.2752988338	0	-1.20457796853	0.267873252925
65.4686098099	0	-1.3104434907	0.290427348055
65.6619148254	0	-1.40391034812	0.325472942026
65.8552148342	0	-1.34287076776	0.175921942012
66.0485408306	0	-1.26561754888	0.428874793543
66.2418370247	0	-1.33619456366	0.22449999306
66.4351279736	0	-1.14449213162	0.209926577746
66.628415823	0	-1.21411540296	0.354272786576
66.821739912	0	-1.30948974726	0.202986856167
67.0150268078	0	-1.26466380544	0.333453621841
67.2083499432	0	-0.997615641392	0.134977584699
67.4016540051	0	-1.07963757749	0.290427348055
67.5949378014	0	-1.58702908918	0.0707851600994
67.7882509232	0	-1.1463996185	0.102360893281
67.9815468788	0	-1.6518836433	0.0662743410734
68.1748588085	0	-1.4544587506	0.17002317867
68.3681819439	0	-1.40391034812	0.205762744799
68.5614569187	0	-1.15116833572	0.210967535982
68.7547638416	0	-0.954697186457	0.167247290039
68.9480509758	0	-1.43156890796	0.11554636428
69.1413450241	0	-1.16547448736	0.272037085872
69.3346300125	0	-1.28659990463	0.218601229719
69.5279378891	0	-1.26561754888	0.27273105803
69.7212460041	0	-1.42966142108	0.223112048745
69.9145498276	0	-1.3724368145	0.234909575428
70.107847929	0	-1.21411540296	0.109647600938
70.3011548519	0	-1.35717691941	0.158225651987
70.4944648743	0	-1.12064854554	0.206109730878
70.6877720356	0	-1.43919885551	0.214784382851
70.8810689449	0	-1.38197424893	0.27273105803
71.0743780136	0	-1.21793037673	0.188066454774
71.2676668167	0	-0.956604673343	0.183555635748
71.4609768391	0	-1.12541726276	0.205762744799
71.6542890072	0	-1.07486886028	0.294591181002
71.8476150036	0	-1.2970910825	0.328942802815
72.0408899784	0	-1.12541726276	0.190842343405
72.2342028618	0	-1.08059132093	0.320615136921
72.4275019169	0	-1.22937529804	0.137059501173
72.6207869053	0	-1.18931807344	0.241849297006
72.8140919209	0	-1.25131139723	0.242196283085
73.0074009895	0	-1.10443490701	0.268914211162
73.2007060051	0	-1.2150691464	0.223459034824
73.3940229416	0	-1.39628040057	0.252952851532
73.5873329639	0	-0.991893180734	0.258157642715
73.7806549072	0	-1.27896995708	0.26960818332
73.9739518166	0	-1.5631855031	0.250523948979
74.1672530174	0	-1.21411540296	0.183555635748
74.3605618477	0	-1.39532665713	0.326166914183
74.5538740158	0	-1.23414401526	0.227622867771
74.7471749783	0	-1.20743919886	0.174880983775
74.9404900074	0	-1.38960419647	0.165512359644
75.1337859631	0	-1.21697663329	0.195353162431
75.3270919323	0	-1.42775393419	0.274465988425
75.5204069614	0	-1.19885550787	0.0628044802843
75.7137219906	0	-1.26561754888	0.225887937376
75.9070219994	0	-1.00143061516	0.168288248275
76.1003408432	0	-1.46399618503	0.29181529237
76.2936367989	0	-1.07391511683	0.260933531347
76.4869468212	0	-1.12350977587	0.170370164749
76.6802690029	0	-1.27801621364	0.213743424614
76.8735568523	0	-1.28087744397	0.219295201877
77.0668699741	0	-1.01955174058	0.271343113714
77.2601909637	0	-1.17882689557	0.167247290039
77.4535000324	0	-1.30758226037	0.185290566142
77.6467969418	0	-1.42203147353	0.127690877042
77.840116024	0	-1.23414401526	0.308817610237
78.0334088802	0	-1.17691940868	0.283487626476
78.226733923	0	-1.21030042918	0.303265832975
78.4200289249	0	-1.14926084883	0.268220239004
78.6133198738	0	-1.14735336195	0.27897680745
78.8066248894	0	-1.29232236528	0.374397979153
78.9999368191	0	-1.13686218407	0.195353162431
79.1932199001	0	-1.41726275632	0.209579591667
79.3865249157	0	-1.30090605627	0.247748060348
79.5798449516	0	-1.52694325227	0.287304473345
79.7731478214	0	-1.08249880782	0.331024719288
79.9664409161	0	-1.24463519313	0.180779747117
80.1597588062	0	-1.55937052933	0.250523948979
80.353042841	0	-0.766809728183	0.14746908354
80.5463428497	0	-1.51263710062	0.322003081236
80.7396419048	0	-0.63614687649	0.249829976821
80.9329559803	0	-0.791607057701	0.379602770337
81.12626791	0	-0.663805436338	0.334494580077
81.3195698261	0	-0.590367191226	0.566281280795
81.5128719807	0	-0.574153552694	0.61277741537
81.7061719894	0	-0.676204101097	0.357048675207
81.8994648457	0	-1.19599427754	0.475023942039
82.0927698612	0	-0.615164520744	0.329983761052
82.2860789299	0	-1.39055793991	0.222765062666
82.479380846	0	-0.935622317597	0.257116684479
82.6726799011	0	-1.14163090129	0.239073408375
82.8659808636	0	-0.824988078207	0.222765062666
83.0592799187	0	-0.760133524082	0.230745742481
83.2525868416	0	-1.47734859323	0.315757331816
83.4458830357	0	-1.14258464473	0.166553317881
83.6391808987	0	-1.50309966619	0.417424252939
83.8324899673	0	-1.46399618503	0.353578814418
84.0257799625	0	-1.28183118741	0.276200918819
84.2192919254	0	-0.851692894611	0.29528515316
84.4123938084	0	-1.07296137339	0.255728740163
84.6056909561	0	-0.902241297091	0.273772016267
84.7989919186	0	-0.853600381497	0.108606642701
84.9922978878	0	-0.890796375775	0.402156865467
85.1855988503	0	-0.912732474964	0.242890255243
85.3789098263	0	-1.22460658083	0.253993809768
85.5722060204	0	-0.79732951836	0.30812363808
85.7655279636	0	-1.48020982356	0.0308817610237
85.958824873	0	-1.0710538865	0.143652236672
86.152132988	0	-0.992846924177	0.0718261183361
86.3454267979	0	-1.40486409156	0.226928895613
86.5387399197	0	-0.777300906056	0.128037863121
86.7320408821	0	-1.49070100143	0.273772016267
86.925347805	0	-0.929899856938	0.216866299324
87.1186490059	0	-1.24749642346	0.230745742481
87.3119728565	0	-1.13781592752	0.267873252925
87.5052678585	0	-1.1950405341	0.24393121348
87.6985650063	0	-1.03481163567	0.286263515108
87.8918788433	0	-0.853600381497	0.221724104429
88.0851788521	0	-1.57844539819	0.24705408819
88.2784759998	0	-1.20267048164	0.175574955933
88.4717810154	0	-1.04148783977	0.249829976821
88.6650819778	0	-1.05674773486	0.227969853849
88.8583819866	0	-1.2217453505	0.365029355022
89.0516798496	0	-1.44778254649	0.153714832961
89.2449748516	0	-1.05484024797	0.14746908354
89.4382820129	0	-1.43824511206	0.226581909534
89.6315908432	0	-0.646638054363	0.268914211162
89.8248858452	0	-1.31902718169	0.23109272856
90.0182008743	0	-1.40295660467	0.153367846882
90.21149683	0	-1.5631855031	0.154408805119
90.4047968388	0	-1.18645684311	0.159613596303
90.5980958939	0	-1.19408679065	0.210620549904
90.7914009094	0	-0.93657606104	0.228663826007
90.9846909046	0	-1.52789699571	0.175921942012
91.1779899597	0	-1.33810205055	0.28244666824
91.371311903	0	-1.07486886028	0.148857027856
91.5645909309	0	-1.33714830711	0.255728740163
91.7579169273	0	-1.00429184549	0.217907257561
91.9512009621	0	-1.25894134478	0.199516995378
92.1444988251	0	-1.2837386743	0.283140640398
92.3377969265	0	-1.11778731521	0.220683146192
92.5311009884	0	-1.38483547926	0.234562589349
92.7244029045	0	-1.35717691941	0.173493039459
92.9176928997	0	-1.28278493085	0.253993809768
93.1110038757	0	-1.19980925131	0.122833071937
93.304309845	0	-0.972818311874	0.254340795847
93.4975979328	0	-1.30281354316	0.166553317881
93.6909089088	0	-1.02813543157	0.296673097475
93.8842048645	0	-1.19694802098	0.178697830643
94.0775098801	0	-0.953743443014	0.282099682161
94.2708108425	0	-1.17119694802	0.169329206512
94.4641079903	0	-1.31807343825	0.320268150842
94.6574029922	0	-1.48211731044	0.286610501187
94.8507089615	0	-1.17691940868	0.162736471013
95.0440249443	0	-1.37529804483	0.187372482616
95.2373099327	0	-1.04053409633	0.212008494219
95.4306149483	0	-1.02622794468	0.266138322531
95.6239340305	0	-1.23986647592	0.210967535982

